########## t08.jss ertools 
Parsed Matrix:
Job 0: [(3, 83), (6, 1), (7, 96), (13, 54), (4, 30), (1, 80), (12, 81), (10, 9), (8, 49), (14, 32), (0, 19), (9, 92), (5, 65), (2, 88), (11, 64)]
Job 1: [(2, 4), (12, 68), (1, 79), (13, 21), (3, 84), (4, 92), (8, 66), (14, 51), (0, 83), (10, 96), (7, 68), (5, 38), (9, 38), (11, 99), (6, 76)]
Job 2: [(8, 46), (14, 57), (3, 66), (0, 75), (10, 88), (5, 58), (9, 56), (13, 35), (2, 59), (11, 82), (6, 24), (4, 96), (7, 24), (1, 55), (12, 80)]
Job 3: [(5, 34), (13, 69), (11, 53), (4, 98), (14, 8), (2, 81), (9, 81), (8, 38), (10, 39), (3, 3), (6, 59), (7, 81), (1, 30), (0, 76), (12, 71)]
Job 4: [(13, 85), (5, 80), (2, 36), (14, 57), (1, 96), (8, 34), (4, 14), (3, 3), (11, 90), (6, 99), (7, 9), (12, 42), (9, 95), (0, 27), (10, 27)]
Job 5: [(14, 28), (11, 11), (2, 66), (5, 2), (8, 35), (10, 69), (0, 61), (4, 84), (9, 73), (7, 56), (13, 98), (3, 81), (1, 72), (6, 92), (12, 23)]
Job 6: [(8, 21), (12, 5), (5, 95), (10, 5), (7, 22), (11, 16), (2, 77), (13, 85), (0, 76), (14, 46), (6, 36), (9, 89), (1, 99), (4, 44), (3, 37)]
Job 7: [(9, 49), (7, 80), (12, 61), (3, 87), (6, 41), (2, 6), (10, 83), (13, 79), (1, 44), (8, 83), (14, 9), (4, 84), (0, 99), (5, 38), (11, 68)]
Job 8: [(0, 77), (4, 51), (5, 68), (1, 69), (11, 6), (7, 26), (6, 99), (2, 6), (14, 34), (13, 27), (8, 51), (9, 82), (3, 5), (10, 90), (12, 1)]
Job 9: [(8, 85), (11, 64), (7, 55), (1, 76), (14, 89), (13, 68), (12, 34), (4, 14), (6, 52), (9, 33), (10, 91), (0, 4), (5, 18), (2, 95), (3, 76)]
Job 10: [(12, 40), (4, 8), (5, 36), (13, 5), (6, 1), (0, 51), (1, 33), (7, 80), (9, 90), (8, 75), (11, 47), (10, 65), (14, 42), (2, 16), (3, 11)]
Job 11: [(3, 38), (14, 83), (4, 48), (13, 74), (5, 15), (9, 10), (8, 89), (0, 41), (7, 97), (12, 97), (6, 16), (1, 47), (10, 21), (11, 95), (2, 20)]
Job 12: [(10, 89), (8, 22), (4, 11), (1, 15), (2, 37), (0, 65), (7, 28), (14, 39), (12, 88), (13, 14), (9, 28), (6, 6), (3, 24), (11, 4), (5, 23)]
Job 13: [(6, 14), (2, 66), (0, 4), (14, 58), (1, 7), (4, 6), (12, 5), (3, 48), (10, 54), (7, 59), (8, 2), (9, 1), (5, 4), (13, 82), (11, 75)]
Job 14: [(10, 24), (2, 66), (9, 4), (13, 20), (5, 79), (0, 50), (6, 23), (7, 15), (1, 14), (14, 91), (11, 86), (4, 96), (12, 63), (3, 16), (8, 3)]
Solution:
Optimal Schedule Length: 1217.0
Machine 0: job_8_task_0   job_13_task_2  job_10_task_5  job_2_task_3   job_5_task_6   job_14_task_5  job_11_task_7  job_12_task_5  job_6_task_8   job_1_task_8   job_0_task_10  job_3_task_13  job_9_task_11  job_7_task_12  job_4_task_13  
           [0,77]         [81,85]        [161,212]      [254,329]      [329,390]      [390,440]      [441,482]      [482,547]      [559,635]      [639,722]      [804,823]      [868,944]      [944,948]      [948,1047]     [1163,1190]    
Machine 1: job_1_task_2   job_12_task_3  job_9_task_3   job_13_task_4  job_10_task_6  job_4_task_4   job_14_task_8  job_0_task_5   job_8_task_3   job_7_task_8   job_11_task_11 job_3_task_12  job_6_task_12  job_5_task_12  job_2_task_13  
           [114,193]      [193,208]      [221,297]      [297,304]      [305,338]      [338,434]      [478,492]      [495,575]      [575,644]      [714,758]      [769,816]      [838,868]      [868,967]      [976,1048]     [1058,1113]    
Machine 2: job_1_task_0   job_13_task_1  job_5_task_2   job_14_task_1  job_4_task_2   job_12_task_4  job_3_task_5   job_6_task_6   job_7_task_5   job_2_task_8   job_8_task_7   job_9_task_13  job_0_task_13  job_10_task_13 job_11_task_14 
           [0,4]          [14,80]        [80,146]       [146,212]      [212,248]      [249,286]      [313,394]      [394,471]      [529,535]      [597,656]      [868,874]      [970,1065]     [1065,1153]    [1153,1169]    [1169,1189]    
Machine 3: job_11_task_0  job_0_task_0   job_2_task_2   job_1_task_4   job_13_task_7  job_7_task_3   job_4_task_7   job_3_task_9   job_5_task_11  job_14_task_13 job_12_task_12 job_8_task_12  job_9_task_14  job_6_task_14  job_10_task_14 
           [0,38]         [38,121]       [188,254]      [269,353]      [353,401]      [401,488]      [490,493]      [569,572]      [894,975]      [975,991]      [999,1023]     [1068,1073]    [1073,1149]    [1149,1186]    [1186,1197]    
Machine 4: job_10_task_1  job_8_task_1   job_11_task_2  job_12_task_2  job_3_task_3   job_13_task_5  job_1_task_5   job_0_task_4   job_4_task_6   job_9_task_7   job_5_task_7   job_14_task_11 job_7_task_11  job_2_task_11  job_6_task_13  
           [41,49]        [77,128]       [128,176]      [176,187]      [207,305]      [305,311]      [354,446]      [446,476]      [476,490]      [528,542]      [542,626]      [669,765]      [854,938]      [938,1034]     [1034,1078]    
Machine 5: job_3_task_0   job_10_task_2  job_4_task_1   job_5_task_3   job_6_task_2   job_11_task_4  job_14_task_4  job_2_task_5   job_8_task_2   job_13_task_12 job_1_task_11  job_9_task_12  job_0_task_12  job_7_task_13  job_12_task_14 
           [0,34]         [49,85]        [86,166]       [166,168]      [168,263]      [288,303]      [308,387]      [417,475]      [475,543]      [623,627]      [906,944]      [952,970]      [970,1035]     [1047,1085]    [1085,1108]    
Machine 6: job_13_task_0  job_0_task_1   job_10_task_4  job_14_task_6  job_7_task_4   job_3_task_10  job_9_task_8   job_6_task_10  job_11_task_10 job_8_task_6   job_2_task_10  job_4_task_9   job_12_task_11 job_5_task_13  job_1_task_14  
           [0,14]         [121,122]      [160,161]      [440,463]      [488,529]      [572,631]      [631,683]      [683,719]      [753,769]      [769,868]      [870,894]      [894,993]      [993,999]      [1048,1140]    [1140,1216]    
Machine 7: job_7_task_1   job_9_task_2   job_0_task_2   job_6_task_4   job_10_task_7  job_14_task_7  job_13_task_9  job_11_task_8  job_12_task_6  job_8_task_5   job_5_task_9   job_3_task_11  job_1_task_10  job_4_task_10  job_2_task_12  
           [49,129]       [166,221]      [221,317]      [317,339]      [339,419]      [463,478]      [478,537]      [537,634]      [634,662]      [675,701]      [701,757]      [757,838]      [838,906]      [993,1002]     [1034,1058]    
Machine 8: job_9_task_0   job_2_task_0   job_6_task_0   job_12_task_1  job_5_task_4   job_11_task_6  job_4_task_5   job_3_task_7   job_1_task_6   job_13_task_10 job_10_task_9  job_0_task_8   job_7_task_9   job_8_task_10  job_14_task_14 
           [0,85]         [85,131]       [131,152]      [152,174]      [174,209]      [352,441]      [441,475]      [475,513]      [519,585]      [585,587]      [622,697]      [713,762]      [762,845]      [935,986]      [995,998]      
Machine 9: job_7_task_0   job_14_task_2  job_11_task_5  job_3_task_6   job_2_task_6   job_10_task_8  job_13_task_11 job_5_task_8   job_9_task_9   job_6_task_11  job_0_task_11  job_12_task_10 job_1_task_12  job_8_task_11  job_4_task_12  
           [0,49]         [213,217]      [333,343]      [394,475]      [475,531]      [531,621]      [622,623]      [626,699]      [699,732]      [732,821]      [823,915]      [915,943]      [944,982]      [986,1068]     [1068,1163]    
Machine 10: job_12_task_0  job_14_task_0  job_5_task_5   job_6_task_3   job_2_task_4   job_13_task_8  job_3_task_8   job_7_task_6   job_0_task_7   job_1_task_9   job_11_task_12 job_9_task_10  job_10_task_11 job_8_task_13  job_4_task_14  
           [0,89]         [89,113]       [209,278]      [278,283]      [329,417]      [417,471]      [513,552]      [552,635]      [695,704]      [723,819]      [819,840]      [840,931]      [931,996]      [1073,1163]    [1190,1217]    
Machine 11: job_5_task_1   job_9_task_1   job_3_task_2   job_6_task_5   job_4_task_8   job_14_task_10 job_8_task_4   job_2_task_9   job_10_task_10 job_13_task_14 job_11_task_13 job_1_task_13  job_12_task_13 job_7_task_14  job_0_task_14  
           [28,39]        [85,149]       [154,207]      [339,355]      [493,583]      [583,669]      [669,675]      [683,765]      [765,812]      [812,887]      [887,982]      [982,1081]     [1081,1085]    [1085,1153]    [1153,1217]    
Machine 12: job_10_task_0  job_1_task_1   job_6_task_1   job_7_task_2   job_13_task_6  job_9_task_6   job_0_task_6   job_11_task_9  job_12_task_8  job_14_task_12 job_3_task_14  job_4_task_11  job_2_task_14  job_5_task_14  job_8_task_14  
           [1,41]         [41,109]       [152,157]      [157,218]      [311,316]      [474,508]      [575,656]      [656,753]      [753,841]      [841,904]      [944,1015]     [1021,1063]    [1113,1193]    [1193,1216]    [1216,1217]    
Machine 13: job_4_task_0   job_3_task_1   job_10_task_3  job_1_task_3   job_11_task_3  job_14_task_3  job_0_task_3   job_9_task_5   job_6_task_7   job_2_task_7   job_7_task_7   job_13_task_13 job_5_task_10  job_12_task_9  job_8_task_9   
           [0,85]         [85,154]       [155,160]      [193,214]      [214,288]      [288,308]      [317,371]      [406,474]      [474,559]      [559,594]      [635,714]      [714,796]      [796,894]      [894,908]      [908,935]      
Machine 14: job_5_task_0   job_11_task_1  job_2_task_1   job_13_task_3  job_4_task_3   job_3_task_4   job_9_task_4   job_14_task_9  job_1_task_7   job_6_task_9   job_12_task_7  job_0_task_9   job_7_task_10  job_8_task_8   job_10_task_12 
           [0,28]         [38,121]       [131,188]      [188,246]      [248,305]      [305,313]      [317,406]      [492,583]      [585,636]      [636,682]      [682,721]      [765,797]      [845,854]      [874,908]      [996,1038]     


Statistics
  - conflicts: 105042
  - branches : 355209
  - wall time: 85.65201s
  - time taken to solve the problem: 85.6760458946228s


  ##################### ta10.jss 

  Parsed Matrix:
Job 0: [(8, 35), (2, 78), (7, 79), (14, 65), (12, 53), (0, 14), (4, 93), (3, 70), (13, 14), (5, 90), (9, 95), (10, 49), (6, 36), (1, 85), (11, 1)]
Job 1: [(2, 83), (8, 41), (6, 22), (4, 29), (11, 52), (0, 71), (9, 16), (7, 93), (5, 54), (3, 63), (1, 12), (10, 85), (13, 62), (14, 45), (12, 30)]
Job 2: [(5, 60), (11, 43), (8, 71), (14, 2), (12, 50), (1, 37), (4, 86), (9, 81), (10, 60), (6, 57), (13, 66), (0, 24), (2, 98), (3, 92), (7, 69)]
Job 3: [(9, 14), (13, 59), (8, 35), (6, 6), (12, 25), (5, 57), (10, 1), (2, 44), (1, 94), (0, 30), (14, 95), (11, 93), (3, 51), (4, 52), (7, 16)]
Job 4: [(8, 96), (10, 39), (3, 75), (13, 98), (14, 2), (5, 38), (4, 69), (0, 32), (12, 95), (11, 63), (9, 4), (6, 11), (2, 50), (1, 95), (7, 78)]
Job 5: [(7, 73), (2, 28), (9, 43), (5, 47), (10, 57), (4, 88), (3, 33), (1, 13), (11, 7), (8, 49), (6, 23), (14, 38), (13, 21), (0, 99), (12, 72)]
Job 6: [(2, 3), (10, 80), (1, 67), (12, 93), (14, 91), (3, 31), (0, 52), (4, 64), (9, 83), (5, 2), (11, 90), (13, 64), (7, 16), (8, 18), (6, 25)]
Job 7: [(13, 23), (6, 30), (11, 22), (12, 54), (8, 68), (7, 63), (14, 89), (5, 95), (3, 5), (4, 37), (0, 5), (10, 42), (2, 17), (1, 54), (9, 46)]
Job 8: [(8, 44), (4, 59), (6, 87), (7, 62), (0, 51), (11, 55), (13, 3), (12, 40), (2, 26), (3, 18), (10, 15), (1, 18), (5, 72), (14, 35), (9, 60)]
Job 9: [(2, 27), (6, 14), (12, 77), (9, 24), (8, 55), (11, 67), (1, 59), (3, 19), (13, 29), (4, 33), (10, 88), (5, 30), (0, 91), (7, 11), (14, 11)]
Job 10: [(0, 67), (9, 94), (4, 50), (8, 2), (10, 83), (2, 19), (11, 29), (12, 37), (14, 58), (6, 32), (3, 38), (7, 99), (5, 88), (1, 49), (13, 70)]
Job 11: [(8, 60), (1, 7), (12, 81), (5, 82), (7, 58), (10, 83), (9, 16), (4, 1), (11, 69), (6, 7), (13, 3), (2, 84), (14, 8), (0, 12), (3, 93)]
Job 12: [(13, 92), (14, 81), (2, 4), (9, 78), (7, 9), (8, 78), (12, 75), (4, 5), (10, 50), (6, 8), (1, 44), (0, 4), (5, 60), (11, 94), (3, 74)]
Job 13: [(1, 32), (0, 88), (12, 31), (2, 68), (13, 31), (8, 10), (3, 45), (14, 75), (4, 82), (7, 51), (6, 55), (9, 99), (11, 44), (10, 84), (5, 22)]
Job 14: [(3, 12), (13, 35), (2, 64), (5, 17), (9, 42), (6, 46), (7, 65), (4, 74), (8, 96), (0, 28), (12, 86), (10, 95), (14, 93), (1, 67), (11, 56)]
Solution:
Optimal Schedule Length: 1241.0
Machine 0: job_10_task_0  job_13_task_1  job_0_task_5   job_1_task_5   job_4_task_7   job_8_task_4   job_3_task_9   job_6_task_6   job_14_task_9  job_12_task_11 job_11_task_13 job_2_task_11  job_5_task_13  job_7_task_10  job_9_task_12  
           [0,67]         [67,155]       [310,324]      [381,452]      [594,626]      [626,677]      [682,712]      [712,764]      [764,792]      [792,796]      [807,819]      [819,843]      [955,1054]     [1077,1082]    [1122,1213]    
Machine 1: job_13_task_0  job_11_task_1  job_6_task_2   job_2_task_5   job_9_task_6   job_3_task_8   job_1_task_10  job_12_task_10 job_5_task_7   job_10_task_13 job_4_task_13  job_8_task_11  job_0_task_13  job_14_task_13 job_7_task_13  
           [0,32]         [95,102]       [197,264]      [402,439]      [529,588]      [588,682]      [717,729]      [744,788]      [794,807]      [810,859]      [865,960]      [960,978]      [978,1063]     [1066,1133]    [1141,1195]    
Machine 2: job_9_task_0   job_6_task_0   job_0_task_1   job_1_task_0   job_12_task_2  job_14_task_2  job_5_task_1   job_10_task_5  job_13_task_3  job_3_task_7   job_11_task_11 job_8_task_8   job_4_task_12  job_2_task_12  job_7_task_12  
           [0,27]         [32,35]        [35,113]       [113,196]      [196,200]      [200,264]      [294,322]      [322,341]      [341,409]      [544,588]      [620,704]      [775,801]      [815,865]      [865,963]      [1124,1141]    
Machine 3: job_14_task_0  job_4_task_2   job_13_task_6  job_0_task_7   job_10_task_10 job_1_task_9   job_6_task_5   job_9_task_7   job_5_task_6   job_8_task_9   job_11_task_14 job_3_task_12  job_7_task_8   job_2_task_13  job_12_task_14 
           [0,12]         [236,311]      [450,495]      [495,565]      [565,603]      [615,678]      [681,712]      [712,731]      [761,794]      [801,819]      [819,912]      [912,963]      [991,996]      [996,1088]     [1120,1194]    
Machine 4: job_10_task_2  job_8_task_1   job_1_task_3   job_0_task_6   job_11_task_7  job_2_task_6   job_4_task_6   job_14_task_7  job_12_task_7  job_5_task_5   job_13_task_8  job_6_task_7   job_9_task_9   job_7_task_9   job_3_task_13  
           [161,211]      [235,294]      [300,329]      [329,422]      [438,439]      [439,525]      [525,594]      [594,668]      [668,673]      [673,761]      [761,843]      [843,907]      [958,991]      [996,1033]     [1033,1085]    
Machine 5: job_2_task_0   job_11_task_3  job_14_task_3  job_5_task_3   job_4_task_5   job_3_task_5   job_1_task_8   job_0_task_9   job_10_task_12 job_12_task_12 job_7_task_7   job_6_task_9   job_8_task_12  job_9_task_11  job_13_task_14 
           [0,60]         [199,281]      [281,298]      [401,448]      [448,486]      [486,543]      [561,615]      [615,705]      [722,810]      [836,896]      [896,991]      [991,993]      [1020,1092]    [1092,1122]    [1219,1241]    
Machine 6: job_9_task_1   job_7_task_1   job_1_task_2   job_14_task_5  job_3_task_3   job_8_task_2   job_10_task_9  job_11_task_9  job_2_task_9   job_12_task_9  job_4_task_11  job_5_task_10  job_0_task_12  job_13_task_10 job_6_task_14  
           [27,41]        [151,181]      [278,300]      [357,403]      [440,446]      [446,533]      [533,565]      [565,572]      [679,736]      [736,744]      [804,815]      [864,887]      [887,923]      [923,978]      [1206,1231]    
Machine 7: job_5_task_0   job_0_task_2   job_11_task_4  job_12_task_4  job_14_task_6  job_1_task_7   job_8_task_3   job_10_task_11 job_7_task_5   job_13_task_9  job_4_task_14  job_2_task_14  job_6_task_12  job_9_task_13  job_3_task_14  
           [0,73]         [113,192]      [281,339]      [339,348]      [403,468]      [468,561]      [561,623]      [623,722]      [722,785]      [843,894]      [960,1038]     [1088,1157]    [1165,1181]    [1213,1224]    [1224,1240]    
Machine 8: job_0_task_0   job_11_task_0  job_4_task_0   job_8_task_0   job_10_task_3  job_1_task_1   job_2_task_2   job_9_task_4   job_3_task_2   job_13_task_5  job_12_task_5  job_7_task_4   job_14_task_8  job_5_task_9   job_6_task_13  
           [0,35]         [35,95]        [95,191]       [191,235]      [235,237]      [237,278]      [279,350]      [350,405]      [405,440]      [440,450]      [487,565]      [600,668]      [668,764]      [815,864]      [1181,1199]    
Machine 9: job_3_task_0   job_10_task_1  job_12_task_3  job_9_task_3   job_14_task_4  job_5_task_2   job_11_task_6  job_1_task_6   job_2_task_7   job_0_task_10  job_4_task_10  job_6_task_8   job_13_task_11 job_8_task_14  job_7_task_14  
           [0,14]         [67,161]       [213,291]      [291,315]      [315,357]      [358,401]      [422,438]      [452,468]      [525,606]      [705,800]      [800,804]      [907,990]      [990,1089]     [1129,1189]    [1195,1241]    
Machine 10: job_6_task_1   job_4_task_1   job_10_task_4  job_11_task_5  job_3_task_6   job_5_task_4   job_2_task_8   job_12_task_8  job_1_task_11  job_0_task_11  job_8_task_10  job_14_task_11 job_9_task_10  job_7_task_11  job_13_task_13 
           [117,197]      [197,236]      [239,322]      [339,422]      [543,544]      [562,619]      [619,679]      [679,729]      [729,814]      [814,863]      [863,878]      [878,973]      [994,1082]     [1082,1124]    [1135,1219]    
Machine 11: job_7_task_2   job_2_task_1   job_1_task_4   job_10_task_6  job_9_task_5   job_11_task_8  job_8_task_5   job_4_task_9   job_5_task_8   job_3_task_11  job_12_task_13 job_6_task_10  job_13_task_12 job_0_task_14  job_14_task_14 
           [181,203]      [236,279]      [329,381]      [381,410]      [410,477]      [477,546]      [677,732]      [737,800]      [807,814]      [814,907]      [907,1001]     [1001,1091]    [1091,1135]    [1144,1145]    [1185,1241]    
Machine 12: job_9_task_2   job_11_task_2  job_7_task_3   job_0_task_4   job_13_task_2  job_2_task_4   job_10_task_7  job_3_task_4   job_6_task_3   job_12_task_6  job_4_task_8   job_8_task_7   job_14_task_10 job_5_task_14  job_1_task_14  
           [41,118]       [118,199]      [203,257]      [257,310]      [310,341]      [352,402]      [410,447]      [447,472]      [472,565]      [565,640]      [640,735]      [735,775]      [792,878]      [1078,1150]    [1211,1241]    
Machine 13: job_12_task_0  job_7_task_0   job_14_task_1  job_3_task_1   job_4_task_3   job_13_task_4  job_11_task_10 job_0_task_8   job_8_task_6   job_2_task_10  job_9_task_8   job_10_task_14 job_5_task_12  job_1_task_12  job_6_task_11  
           [0,92]         [128,151]      [165,200]      [200,259]      [311,409]      [409,440]      [572,575]      [601,615]      [732,735]      [736,802]      [830,859]      [859,929]      [934,955]      [955,1017]     [1092,1156]    
Machine 14: job_12_task_1  job_0_task_3   job_2_task_3   job_4_task_4   job_10_task_8  job_13_task_7  job_6_task_4   job_11_task_12 job_3_task_10  job_7_task_6   job_5_task_11  job_14_task_12 job_8_task_13  job_1_task_13  job_9_task_14  
           [92,173]       [192,257]      [350,352]      [409,411]      [457,515]      [515,590]      [590,681]      [704,712]      [712,807]      [807,896]      [896,934]      [973,1066]     [1094,1129]    [1129,1174]    [1224,1235]    


Statistics
  - conflicts: 29371
  - branches : 80753
  - wall time: 17.109903000000003s
  - time taken to solve the problem: 17.12462592124939s





############### ERROR ta15.js 
Parsed Matrix:
Job 0: [(7, 15), (12, 89), (6, 49), (3, 95), (8, 40), (5, 79), (0, 44), (9, 59), (1, 87), (10, 88), (2, 48), (4, 44), (13, 43), (14, 11), (11, 75)]
Job 1: [(8, 6), (3, 46), (12, 18), (5, 4), (6, 56), (9, 44), (1, 15), (14, 40), (4, 44), (2, 79), (11, 1), (0, 32), (10, 5), (13, 92), (7, 76)]
Job 2: [(1, 78), (0, 45), (8, 61), (4, 49), (11, 26), (14, 36), (12, 94), (6, 80), (13, 49), (9, 53), (2, 4), (5, 51), (7, 82), (10, 36), (3, 76)]
Job 3: [(11, 58), (13, 34), (10, 70), (0, 19), (4, 85), (7, 69), (14, 87), (5, 38), (3, 5), (2, 88), (9, 66), (1, 3), (12, 10), (8, 28), (6, 18)]
Job 4: [(14, 78), (6, 7), (2, 83), (10, 75), (11, 39), (5, 24), (12, 10), (9, 13), (3, 42), (1, 2), (13, 61), (4, 26), (0, 11), (7, 89), (8, 39)]
Job 5: [(7, 80), (5, 88), (12, 13), (13, 92), (9, 11), (11, 62), (1, 42), (4, 3), (3, 6), (6, 36), (2, 49), (8, 98), (0, 40), (14, 59), (10, 15)]
Job 6: [(14, 83), (13, 12), (8, 48), (9, 1), (1, 76), (0, 32), (11, 1), (4, 81), (2, 53), (3, 70), (10, 78), (6, 75), (7, 7), (12, 82), (5, 31)]
Job 7: [(7, 75), (13, 13), (4, 9), (11, 11), (0, 49), (10, 15), (5, 57), (2, 84), (6, 77), (1, 80), (8, 41), (12, 82), (3, 68), (9, 64), (14, 50)]
Job 8: [(5, 39), (11, 64), (4, 88), (1, 9), (12, 97), (14, 99), (13, 27), (7, 48), (8, 18), (6, 49), (9, 50), (2, 26), (0, 54), (3, 80), (10, 77)]
Job 9: [(9, 66), (4, 87), (3, 27), (8, 47), (14, 68), (5, 75), (6, 31), (13, 25), (11, 49), (10, 85), (12, 86), (7, 12), (1, 26), (2, 82), (0, 78)]
Job 10: [(11, 93), (13, 87), (6, 74), (5, 26), (10, 60), (3, 76), (12, 3), (8, 98), (2, 72), (4, 52), (9, 73), (1, 75), (0, 28), (14, 1), (7, 51)]
Job 11: [(11, 79), (1, 13), (4, 14), (7, 27), (12, 14), (3, 5), (5, 58), (10, 32), (14, 38), (2, 67), (13, 70), (0, 86), (6, 28), (9, 94), (8, 33)]
Job 12: [(1, 83), (5, 67), (7, 18), (12, 20), (13, 4), (6, 84), (11, 22), (4, 8), (8, 91), (3, 89), (14, 25), (10, 8), (0, 69), (9, 85), (2, 46)]
Job 13: [(4, 64), (10, 18), (7, 12), (8, 43), (3, 78), (13, 65), (0, 20), (14, 53), (11, 32), (12, 49), (9, 25), (6, 10), (1, 43), (2, 30), (5, 3)]
Job 14: [(8, 99), (4, 29), (11, 50), (13, 99), (1, 53), (9, 65), (0, 23), (6, 49), (12, 91), (5, 1), (2, 86), (10, 7), (3, 68), (7, 71), (14, 89)]
Job 15: [(13, 13), (8, 19), (10, 31), (5, 94), (6, 78), (14, 43), (11, 16), (7, 56), (12, 76), (0, 1), (1, 11), (4, 24), (9, 13), (2, 62), (3, 55)]
Job 16: [(5, 43), (8, 24), (13, 85), (11, 20), (9, 6), (14, 44), (10, 49), (1, 41), (12, 67), (6, 47), (4, 25), (7, 86), (3, 6), (0, 6), (2, 30)]
Job 17: [(2, 68), (9, 92), (4, 15), (0, 80), (5, 29), (7, 72), (8, 22), (10, 41), (12, 49), (11, 36), (3, 97), (13, 80), (6, 23), (1, 77), (14, 4)]
Job 18: [(1, 51), (4, 34), (8, 10), (10, 96), (6, 74), (11, 80), (9, 65), (5, 75), (13, 14), (0, 83), (7, 13), (12, 78), (3, 61), (14, 43), (2, 58)]
Job 19: [(1, 69), (10, 56), (13, 15), (12, 89), (5, 22), (4, 21), (6, 89), (14, 16), (11, 59), (7, 83), (8, 20), (2, 33), (9, 11), (0, 67), (3, 90)]
^CSolution:
Optimal Schedule Length: 1339.0
Machine 0: job_17_task_3  job_7_task_4   job_2_task_1   job_6_task_5   job_1_task_11  job_14_task_6  job_0_task_6   job_15_task_9  job_3_task_3   job_13_task_6  job_19_task_13 job_4_task_12  job_12_task_12 job_18_task_9  job_8_task_12  job_11_task_11 job_5_task_12  job_10_task_12 job_16_task_13 job_9_task_14  
           [177,257]      [257,306]      [306,351]      [382,414]      [421,453]      [512,535]      [535,579]      [586,587]      [625,644]      [644,664]      [674,741]      [823,834]      [843,912]      [920,1003]     [1003,1057]    [1057,1143]    [1143,1183]    [1183,1211]    [1211,1217]    [1251,1329]    
Machine 1: job_12_task_0  job_19_task_0  job_2_task_0   job_1_task_6   job_18_task_0  job_8_task_3   job_6_task_4   job_11_task_1  job_14_task_4  job_4_task_9   job_15_task_10 job_0_task_8   job_16_task_7  job_7_task_9   job_5_task_6   job_10_task_11 job_13_task_12 job_17_task_13 job_9_task_12  job_3_task_11  
           [0,83]         [83,152]       [152,230]      [230,245]      [245,296]      [296,305]      [305,381]      [381,394]      [394,447]      [499,501]      [587,598]      [638,725]      [725,766]      [766,846]      [846,888]      [888,963]      [991,1034]     [1034,1111]    [1114,1140]    [1193,1196]    
Machine 2: job_17_task_0  job_4_task_2   job_1_task_9   job_7_task_7   job_6_task_8   job_10_task_8  job_19_task_11 job_15_task_13 job_14_task_10 job_11_task_9  job_0_task_10  job_8_task_11  job_5_task_10  job_3_task_9   job_2_task_10  job_12_task_14 job_13_task_13 job_9_task_13  job_18_task_14 job_16_task_14 
           [0,68]         [85,168]       [338,417]      [417,501]      [501,554]      [558,630]      [630,663]      [663,725]      [725,811]      [811,878]      [878,926]      [926,952]      [952,1001]     [1001,1089]    [1089,1093]    [1093,1139]    [1139,1169]    [1169,1251]    [1251,1309]    [1309,1339]    
Machine 3: job_1_task_1   job_9_task_2   job_0_task_3   job_13_task_4  job_10_task_5  job_4_task_8   job_11_task_5  job_6_task_9   job_17_task_10 job_12_task_9  job_14_task_12 job_5_task_8   job_19_task_14 job_3_task_8   job_7_task_12  job_8_task_13  job_16_task_12 job_18_task_12 job_15_task_14 job_2_task_14  
           [6,52]         [153,180]      [208,303]      [303,381]      [381,457]      [457,499]      [499,504]      [554,624]      [624,721]      [721,810]      [821,889]      [891,897]      [897,987]      [987,992]      [992,1060]     [1060,1140]    [1140,1146]    [1146,1207]    [1207,1262]    [1262,1338]    
Machine 4: job_13_task_0  job_9_task_1   job_7_task_2   job_17_task_2  job_14_task_1  job_8_task_2   job_1_task_8   job_19_task_5  job_18_task_1  job_11_task_2  job_6_task_7   job_2_task_3   job_12_task_7  job_15_task_11 job_10_task_9  job_3_task_4   job_4_task_11  job_5_task_7   job_0_task_11  job_16_task_10 
           [0,64]         [66,153]       [153,162]      [162,177]      [177,206]      [206,294]      [294,338]      [338,359]      [359,393]      [395,409]      [420,501]      [502,551]      [566,574]      [598,622]      [630,682]      [682,767]      [797,823]      [888,891]      [927,971]      [981,1006]     
Machine 5: job_8_task_0   job_16_task_0  job_1_task_3   job_12_task_1  job_15_task_3  job_17_task_4  job_10_task_3  job_19_task_4  job_7_task_6   job_4_task_5   job_0_task_5   job_5_task_1   job_11_task_6  job_9_task_5   job_14_task_9  job_18_task_7  job_3_task_7   job_2_task_11  job_13_task_14 job_6_task_14  
           [1,40]         [40,83]        [83,87]        [88,155]       [155,249]      [257,286]      [286,312]      [312,334]      [334,391]      [394,418]      [418,497]      [497,585]      [585,643]      [643,718]      [718,719]      [831,906]      [924,962]      [1093,1144]    [1169,1172]    [1228,1259]    
Machine 6: job_4_task_1   job_1_task_4   job_0_task_2   job_10_task_2  job_15_task_4  job_19_task_6  job_12_task_5  job_14_task_7  job_18_task_4  job_7_task_8   job_9_task_6   job_8_task_9   job_2_task_7   job_5_task_9   job_16_task_9  job_13_task_11 job_17_task_12 job_6_task_11  job_11_task_12 job_3_task_14  
           [78,85]        [87,143]       [159,208]      [208,282]      [282,360]      [360,449]      [449,533]      [536,585]      [587,661]      [661,738]      [738,769]      [769,818]      [818,898]      [898,934]      [934,981]      [981,991]      [991,1014]     [1047,1122]    [1143,1171]    [1266,1284]    
Machine 7: job_0_task_0   job_7_task_0   job_13_task_2  job_5_task_0   job_12_task_2  job_17_task_5  job_11_task_3  job_15_task_7  job_19_task_9  job_8_task_7   job_1_task_14  job_3_task_5   job_4_task_13  job_14_task_13 job_18_task_10 job_16_task_11 job_9_task_11  job_6_task_12  job_2_task_12  job_10_task_14 
           [0,15]         [15,90]        [90,102]       [102,182]      [183,201]      [286,358]      [410,437]      [437,493]      [524,607]      [644,692]      [692,768]      [768,837]      [837,926]      [926,997]      [1003,1016]    [1016,1102]    [1102,1114]    [1122,1129]    [1144,1226]    [1251,1302]    
Machine 8: job_1_task_0   job_15_task_1  job_14_task_0  job_16_task_1  job_13_task_3  job_9_task_3   job_6_task_2   job_0_task_4   job_17_task_6  job_2_task_2   job_18_task_2  job_10_task_7  job_19_task_10 job_12_task_8  job_8_task_8   job_7_task_10  job_4_task_14  job_5_task_11  job_3_task_13  job_11_task_14 
           [0,6]          [13,32]        [32,131]       [131,155]      [155,198]      [198,245]      [246,294]      [307,347]      [359,381]      [388,449]      [449,459]      [460,558]      [607,627]      [627,718]      [718,736]      [846,887]      [926,965]      [1001,1099]    [1238,1266]    [1287,1320]    
Machine 9: job_9_task_0   job_17_task_1  job_1_task_5   job_6_task_3   job_4_task_7   job_14_task_5  job_16_task_4  job_0_task_7   job_15_task_12 job_19_task_12 job_10_task_10 job_5_task_4   job_18_task_6  job_8_task_10  job_13_task_10 job_12_task_13 job_2_task_9   job_7_task_13  job_3_task_10  job_11_task_13 
           [0,66]         [68,160]       [160,204]      [294,295]      [429,442]      [447,512]      [544,550]      [579,638]      [638,651]      [663,674]      [682,755]      [755,766]      [766,831]      [831,881]      [900,925]      [925,1010]     [1010,1063]    [1063,1127]    [1127,1193]    [1193,1287]    
Machine 10: job_15_task_2  job_13_task_1  job_19_task_1  job_4_task_3   job_7_task_5   job_10_task_4  job_17_task_7  job_1_task_12  job_18_task_3  job_3_task_2   job_16_task_6  job_11_task_7  job_0_task_9   job_14_task_11 job_12_task_11 job_9_task_9   job_6_task_10  job_8_task_14  job_2_task_13  job_5_task_14  
           [32,63]        [64,82]        [152,208]      [208,283]      [306,321]      [321,381]      [383,424]      [453,458]      [459,555]      [555,625]      [635,684]      [684,716]      [726,814]      [814,821]      [835,843]      [884,969]      [969,1047]     [1140,1217]    [1226,1262]    [1310,1325]    
Machine 11: job_10_task_0  job_8_task_1   job_3_task_0   job_7_task_3   job_14_task_2  job_11_task_0  job_4_task_4   job_15_task_6  job_6_task_6   job_1_task_10  job_19_task_8  job_16_task_3  job_12_task_6  job_17_task_9  job_2_task_4   job_18_task_5  job_13_task_8  job_5_task_5   job_9_task_8   job_0_task_14  
           [0,93]         [93,157]       [157,215]      [215,226]      [226,276]      [276,355]      [355,394]      [403,419]      [419,420]      [420,421]      [465,524]      [524,544]      [544,566]      [566,602]      [603,629]      [661,741]      [741,773]      [773,835]      [835,884]      [1237,1312]    
Machine 12: job_1_task_2   job_0_task_1   job_12_task_3  job_19_task_3  job_8_task_4   job_4_task_6   job_11_task_4  job_10_task_6  job_17_task_8  job_15_task_8  job_5_task_2   job_14_task_8  job_2_task_6   job_16_task_8  job_13_task_9  job_7_task_11  job_9_task_10  job_18_task_11 job_6_task_13  job_3_task_12  
           [52,70]        [70,159]       [201,221]      [223,312]      [315,412]      [419,429]      [437,451]      [457,460]      [461,510]      [510,586]      [586,599]      [599,690]      [690,784]      [784,851]      [851,900]      [900,982]      [982,1068]     [1068,1146]    [1146,1228]    [1228,1238]    
Machine 13: job_15_task_0  job_7_task_1   job_10_task_1  job_6_task_1   job_19_task_2  job_12_task_4  job_3_task_1   job_14_task_3  job_16_task_2  job_1_task_13  job_13_task_5  job_8_task_6   job_5_task_3   job_4_task_10  job_9_task_7   job_17_task_11 job_18_task_8  job_2_task_8   job_11_task_10 job_0_task_12  
           [0,13]         [90,103]       [103,190]      [191,203]      [208,223]      [227,231]      [231,265]      [276,375]      [375,460]      [460,552]      [552,617]      [617,644]      [644,736]      [736,797]      [797,822]      [822,902]      [906,920]      [920,969]      [969,1039]     [1041,1084]    
Machine 14: job_4_task_0   job_6_task_0   job_1_task_7   job_9_task_4   job_15_task_5  job_19_task_7  job_8_task_5   job_16_task_5  job_2_task_5   job_13_task_7  job_11_task_8  job_12_task_10 job_3_task_6   job_14_task_14 job_0_task_13  job_17_task_14 job_7_task_14  job_18_task_13 job_10_task_13 job_5_task_13  
           [0,78]         [78,161]       [246,286]      [286,354]      [360,403]      [449,465]      [492,591]      [591,635]      [635,671]      [671,724]      [724,762]      [810,835]      [837,924]      [997,1086]     [1086,1097]    [1111,1115]    [1127,1177]    [1207,1250]    [1250,1251]    [1251,1310]    


Statistics
  - conflicts: 753589
  - branches : 4675753
  - wall time: 5257.120693000001s
  - time taken to solve the problem: 5257.140792131424s
